|{BAR:"|"=(1855,328,1867,628;123,76,71)}
Ef1d3e5c6{FLAG:"E"=(25,636,52,695;125,233,3)1:"f1"=(27,880,51,909;123,210,6)3:"d3"=(27,811,44,837;124,87,197)5:"e5"=(15,741,46,772;124,221,132)6:"c6"=(23,706,45,732;125,99,67)}
c1.{1:"c1."=(68,877,89,902;126,244,129)}
f1d3{1:"f1"=(113,878,136,907;127,122,64)3:"d3"=(112,810,130,838;128,0,0)}
e1.{1:"e1."=(145,878,176,907;129,11,126)}
Qf1d3e4f5{FLAG:"Q"=(194,635,220,695;131,168,58)1:"f1"=(196,876,221,906;129,145,61)3:"d3"=(197,810,214,836;130,22,252)4:"e4"=(184,775,217,805;130,156,188)5:"f5"=(196,741,219,769;131,34,123)}
f1e4f5c6{1:"f1"=(239,876,262,904;132,45,249)4:"e4"=(229,774,259,804;132,179,184)5:"f5"=(238,741,261,768;133,57,120)6:"c6"=(236,705,257,731;133,191,55)}
H{FLAG:"H"=(267,638,271,739;134,68,246)}
|{BAR:"|"=(267,748,274,937;134,202,181)}
Ec1a2a3a4c5{FLAG:"E"=(285,631,310,691;137,237,49)1:"c1"=(282,871,304,897;135,80,117)2:"a2"=(279,841,300,863;135,214,52)3:"a3"=(280,806,302,829;136,91,243)4:"a4"=(279,772,302,795;136,225,178)5:"c5"=(280,735,302,761;137,103,113)}
a5{5:"a5"=(322,738,343,762;138,114,240)}
c1a2a3f5{1:"c1"=(365,872,388,898;138,248,175)2:"a2"=(364,840,387,864;139,126,110)3:"a3"=(364,807,387,830;140,4,45)5:"f5"=(366,738,391,766;140,137,237)}
e5{5:"e5"=(405,737,433,767;141,15,172)}
c1a2a4{1:"c1"=(452,872,476,898;141,149,107)2:"a2"=(451,840,474,863;142,27,42)4:"a4"=(451,772,475,795;142,160,234)}
c5{5:"c5"=(496,735,517,759;143,38,169)}
d1a2{1:"d1"=(540,872,559,898;143,172,104)2:"a2"=(538,838,560,861;144,50,39)}
c1.{1:"c1."=(581,873,603,898;145,61,166)}
|{BAR:"|"=(612,636,621,934;145,195,101)}
d1a2c4c5a6{1:"d1"=(632,872,648,899;146,73,36)2:"a2"=(626,839,649,863;146,206,227)4:"c4"=(625,770,647,795;147,84,163)5:"c5"=(626,736,647,760;147,218,98)6:"a6"=(625,703,648,727;148,96,33)}
b3{3:"b3"=(675,806,685,828;148,229,224)}
a2.{2:"a2."=(710,839,732,862;149,241,95)}
d3{3:"d3"=(757,804,772,830;150,119,30)}
Qd1a2c4a6{FLAG:"Q"=(796,632,821,691;153,19,218)1:"d1"=(797,872,816,900;150,252,221)2:"a2"=(793,840,815,863;151,130,156)4:"c4"=(794,770,817,797;152,8,91)6:"a6"=(793,704,816,728;152,142,27)}
d1a2c4a6{1:"d1"=(840,872,858,899;153,153,153)2:"a2"=(837,839,858,862;154,31,88)4:"c4"=(838,771,858,795;154,165,24)6:"a6"=(835,704,858,728;155,42,215)}
|{BAR:"|"=(868,637,877,933;155,176,150)}
Ea1c2c4a5{FLAG:"E"=(887,630,912,690;158,77,82)1:"a1"=(882,874,906,897;156,54,85)2:"c2"=(884,837,905,861;156,188,20)4:"c4"=(881,768,904,795;157,65,212)5:"a5"=(882,737,904,759;157,199,147)}
a4.{4:"a4."=(924,773,947,796;159,88,208)}
c4{4:"c4"=(968,769,989,794;159,222,144)}
a4.{4:"a4."=(1010,770,1033,794;160,234,14)}
Qa1d3c4e5f6{FLAG:"Q"=(1056,630,1081,689;164,12,137)1:"a1"=(1054,872,1077,897;161,111,205)3:"d3"=(1057,803,1073,829;161,245,141)4:"c4"=(1054,770,1074,793;162,123,76)5:"e5"=(1048,736,1076,765;163,1,11)6:"f6"=(1059,701,1083,729;163,134,202)}
a1d3c4e5f6{1:"a1"=(1097,873,1119,898;164,146,73)3:"d3"=(1101,805,1115,831;165,24,8)4:"c4"=(1097,770,1118,795;165,157,199)5:"e5"=(1090,736,1120,766;166,35,134)6:"f6"=(1102,703,1123,730;166,169,70)}
Ef1a3|e5c6{FLAG:"E"=(1147,633,1171,692;169,203,193)1:"f1"=(1145,873,1168,902;167,47,5)3:"a3"=(1140,807,1163,831;167,180,196)5:"e5"=(1135,737,1164,767;168,192,66)6:"c6"=(1143,703,1163,727;169,70,2)BAR:"|"=(1128,632,1137,919;168,58,131)}
a5{5:"a5"=(1182,739,1206,763;170,81,128)}
f1a3f5c6{1:"f1"=(1226,874,1252,904;170,215,63)3:"a3"=(1224,807,1247,831;171,92,254)5:"f5"=(1230,739,1254,767;171,226,190)6:"c6"=(1227,703,1248,729;172,104,125)}
e5{5:"e5"=(1263,738,1292,769;172,238,60)}
Qf1d3e4f5{FLAG:"Q"=(1312,631,1337,691;175,138,248)1:"f1"=(1312,875,1337,904;173,115,251)3:"d3"=(1314,810,1331,834;173,249,187)4:"e4"=(1302,770,1334,801;174,127,122)5:"f5"=(1314,737,1337,765;175,5,57)}
f1e4f5c6{1:"f1"=(1355,874,1376,902;176,16,183)4:"e4"=(1346,773,1377,803;176,150,119)5:"f5"=(1359,739,1378,765;177,28,54)6:"c6"=(1356,703,1375,727;177,161,245)}
f0{0:"f0"=(1382,884,1388,925;178,39,180)}
|{BAR:"|"=(1385,637,1392,877;178,173,115)}
Ec1a2a3a4c5{FLAG:"E"=(1403,630,1427,690;181,207,239)1:"c1"=(1398,872,1420,897;179,51,51)2:"a2"=(1397,840,1419,863;179,184,242)3:"a3"=(1398,806,1419,829;180,62,177)4:"a4"=(1399,771,1421,795;180,196,112)5:"c5"=(1401,737,1420,760;181,74,48)}
d2.{2:"d2."=(1443,840,1460,867;182,219,109)}
d1{1:"d1"=(1484,874,1502,901;183,97,44)}
a1.{1:"a1."=(1522,877,1545,901;184,108,171)}
c1a2a4{1:"c1"=(1567,874,1589,899;184,242,106)2:"a2"=(1566,841,1588,865;185,120,41)4:"a4"=(1567,773,1589,797;185,253,233)}
c5{5:"c5"=(1613,738,1634,763;186,131,168)}
c4{4:"c4"=(1654,771,1677,796;187,9,103)}
b4.{4:"b4."=(1704,775,1712,797;188,20,229)}
|{BAR:"|"=(1726,632,1735,939;188,154,165)}
d1a2c4c5a6{1:"d1"=(1744,875,1761,902;189,32,100)2:"a2"=(1739,842,1762,865;189,166,35)4:"c4"=(1742,773,1764,797;190,43,226)5:"c5"=(1742,738,1764,762;190,177,161)6:"a6"=(1741,705,1764,728;191,55,97)}
b3{3:"b3"=(1790,808,1800,831;191,189,32)}
a2.{2:"a2."=(1822,843,1846,866;192,200,158)}
